1 0.67421875 0.715625 0.140625 0.40625
1 0.55703125 0.6989583333333333 0.1171875 0.3875
1 0.4515625 0.6989583333333333 0.128125 0.36875
1 0.28515625 0.696875 0.1203125 0.36875
1 0.16484375 0.6677083333333333 0.1390625 0.3729166666666667
1 0.6984375 0.490625 0.096875 0.14791666666666667
1 0.61484375 0.471875 0.0828125 0.13541666666666666
1 0.5625 0.45729166666666665 0.0796875 0.13125
1 0.5 0.41041666666666665 0.109375 0.16458333333333333
1 0.415625 0.49375 0.0875 0.21666666666666667
1 0.35234375 0.49166666666666664 0.0953125 0.19791666666666666
1 0.3078125 0.421875 0.084375 0.17291666666666666
1 0.25078125 0.5260416666666666 0.0828125 0.18333333333333332
1 0.21875 0.453125 0.090625 0.13333333333333333