1 0.65390625 0.7427083333333333 0.1765625 0.42291666666666666
1 0.53828125 0.7072916666666667 0.15 0.4
1 0.43359375 0.6895833333333333 0.159375 0.38333333333333336
1 0.26875 0.6604166666666667 0.1515625 0.38125
1 0.15234375 0.6114583333333333 0.1703125 0.3875
1 0.69765625 0.5229166666666667 0.109375 0.16041666666666668
1 0.61640625 0.490625 0.09375 0.14583333333333334
1 0.56640625 0.46770833333333334 0.0890625 0.14166666666666666
1 0.5078125 0.41041666666666665 0.1234375 0.17916666666666667
1 0.4171875 0.48020833333333335 0.10625 0.22708333333333333
1 0.3546875 0.46770833333333334 0.1125 0.20833333333333334
1 0.31640625 0.39166666666666666 0.0984375 0.18125
1 0.25078125 0.48541666666666666 0.0984375 0.19375
1 0.225 0.4083333333333333 0.1015625 0.14583333333333334