1 0.6828125 0.703125 0.12578125 0.39895833333333336
1 0.56484375 0.6947916666666667 0.10234375 0.38125
1 0.459375 0.7020833333333333 0.1140625 0.3614583333333333
1 0.29296875 0.7114583333333333 0.10625 0.3614583333333333
1 0.171875 0.690625 0.12421875 0.3645833333333333
1 0.69765625 0.47708333333333336 0.0921875 0.14166666666666666
1 0.61328125 0.4635416666666667 0.078125 0.12916666666666668
1 0.5609375 0.453125 0.07421875 0.12708333333333333
1 0.49609375 0.41041666666666665 0.10390625 0.15729166666666666
1 0.415625 0.5 0.0796875 0.21145833333333333
1 0.35234375 0.5020833333333333 0.08828125 0.19166666666666668
1 0.3046875 0.4354166666666667 0.078125 0.16666666666666666
1 0.25234375 0.54375 0.07578125 0.17916666666666667
1 0.2171875 0.47291666666666665 0.0859375 0.12708333333333333