1 0.50390625 0.565625 0.0796875 0.10416666666666667
1 0.3125 0.3145833333333333 0.115625 0.2
1 0.45234375 0.23645833333333333 0.096875 0.16666666666666666
1 0.56328125 0.20520833333333333 0.05625 0.15625
1 0.65625 0.19479166666666667 0.0390625 0.1
1 0.67421875 0.190625 0.0359375 0.09791666666666667
1 0.690625 0.18333333333333332 0.040625 0.1
1 0.17109375 0.340625 0.0671875 0.11666666666666667
1 0.15 0.29270833333333335 0.04375 0.10416666666666667
1 0.075 0.35520833333333335 0.05 0.13958333333333334
1 0.03203125 0.365625 0.04375 0.13958333333333334
1 0.00859375 0.290625 0.0171875 0.08958333333333333