1 0.50546875 0.565625 0.06875 0.08854166666666667
1 0.6578125 0.26979166666666665 0.0921875 0.18020833333333333
1 0.509375 0.22916666666666666 0.0765625 0.15
1 0.39609375 0.22708333333333333 0.03515625 0.15
1 0.303125 0.23958333333333334 0.0265625 0.09583333333333334
1 0.284375 0.240625 0.0234375 0.09375
1 0.2671875 0.2375 0.02734375 0.09583333333333334
1 0.8 0.259375 0.05234375 0.10520833333333333
1 0.8140625 0.20729166666666668 0.0296875 0.09895833333333333
1 0.896875 0.25 0.03125 0.13333333333333333
1 0.93984375 0.24895833333333334 0.025 0.13645833333333332
1 0.9609375 0.16770833333333332 0.02265625 0.084375