1 0.4875 0.5635416666666667 0.0765625 0.1
1 0.36796875 0.24270833333333333 0.109375 0.19583333333333333
1 0.51875 0.23020833333333332 0.0921875 0.1625
1 0.63125 0.24895833333333334 0.05 0.15416666666666667
1 0.721875 0.2791666666666667 0.0359375 0.1
1 0.740625 0.2833333333333333 0.0328125 0.09791666666666667
1 0.7578125 0.2833333333333333 0.0375 0.1
1 0.228125 0.20625 0.0625 0.11458333333333333
1 0.21953125 0.15208333333333332 0.0390625 0.10416666666666667
1 0.1328125 0.17916666666666667 0.0453125 0.1375
1 0.090625 0.16979166666666667 0.0390625 0.13958333333333334
1 0.078125 0.08541666666666667 0.03125 0.0875