1 0.840625 0.6354166666666666 0.1265625 0.3625
1 0.77578125 0.7 0.13125 0.24791666666666667
1 0.7828125 0.509375 0.0734375 0.15833333333333333
1 0.7359375 0.4895833333333333 0.065625 0.15
1 0.68984375 0.4895833333333333 0.0859375 0.1875
1 0.634375 0.465625 0.065625 0.14166666666666666
1 0.58125 0.4791666666666667 0.0671875 0.19375
1 0.51953125 0.478125 0.0859375 0.1875
1 0.471875 0.44375 0.053125 0.14166666666666666
1 0.42421875 0.4583333333333333 0.071875 0.19375
1 0.378125 0.43854166666666666 0.075 0.16041666666666668
1 0.3265625 0.42604166666666665 0.0765625 0.15833333333333333
1 0.2703125 0.41875 0.0765625 0.16875
1 0.21484375 0.403125 0.0703125 0.1875
1 0.18046875 0.39166666666666666 0.0578125 0.19375
1 0.11875 0.5072916666666667 0.1171875 0.4270833333333333
1 0.165625 0.61875 0.13125 0.28541666666666665
1 0.22890625 0.6114583333333333 0.103125 0.2625
1 0.29921875 0.6125 0.1125 0.24791666666666667
1 0.37265625 0.6104166666666667 0.0921875 0.20833333333333334
1 0.45390625 0.615625 0.1171875 0.22916666666666666
1 0.53828125 0.628125 0.10625 0.2125
1 0.6171875 0.640625 0.1171875 0.23958333333333334
1 0.703125 0.6635416666666667 0.1109375 0.22916666666666666