1 0.8921875 0.74375 0.115625 0.33541666666666664
1 0.86171875 0.7333333333333333 0.0734375 0.2875
1 0.76015625 0.7177083333333333 0.090625 0.2875
1 0.69140625 0.7072916666666667 0.0890625 0.25833333333333336
1 0.628125 0.7 0.084375 0.275
1 0.54375 0.6708333333333333 0.0828125 0.26875
1 0.4234375 0.6791666666666667 0.0890625 0.35625
1 0.34921875 0.69375 0.090625 0.38125
1 0.28671875 0.6854166666666667 0.1296875 0.45625
1 0.19453125 0.65625 0.0828125 0.3333333333333333
1 0.08984375 0.69375 0.140625 0.49583333333333335