1 0.14765625 0.5625 0.08671875 0.34791666666666665
1 0.20390625 0.6395833333333333 0.10546875 0.22916666666666666
1 0.21953125 0.45 0.05703125 0.14895833333333333
1 0.26796875 0.440625 0.04921875 0.14166666666666666
1 0.3140625 0.45 0.06640625 0.175
1 0.37109375 0.4375 0.05078125 0.13333333333333333
1 0.421875 0.4625 0.0453125 0.18645833333333334
1 0.48359375 0.4739583333333333 0.065625 0.17604166666666668
1 0.534375 0.45 0.0375 0.13645833333333332
1 0.5796875 0.475 0.05 0.18645833333333334
1 0.62734375 0.46458333333333335 0.05859375 0.15104166666666666
1 0.6796875 0.4635416666666667 0.06015625 0.146875
1 0.73671875 0.46770833333333334 0.0578125 0.159375
1 0.79296875 0.4635416666666667 0.04921875 0.17916666666666667
1 0.828125 0.459375 0.03671875 0.1875
1 0.87578125 0.5864583333333333 0.06875 0.41875
1 0.81640625 0.6875 0.10078125 0.26666666666666666
1 0.7546875 0.6666666666666666 0.07421875 0.25
1 0.68515625 0.653125 0.0859375 0.23229166666666667
1 0.6125 0.6354166666666666 0.0703125 0.196875
1 0.53203125 0.6239583333333333 0.09296875 0.21145833333333333
1 0.446875 0.61875 0.084375 0.196875
1 0.36796875 0.6145833333333334 0.09140625 0.22291666666666668
1 0.28046875 0.61875 0.0875 0.21458333333333332