1 0.51328125 0.503125 0.01640625 0.096875
1 0.47578125 0.5052083333333334 0.01796875 0.1
1 0.44140625 0.5104166666666666 0.02109375 0.1
1 0.634375 0.5697916666666667 0.03125 0.18958333333333333
1 0.703125 0.590625 0.04765625 0.21979166666666666
1 0.7875 0.6145833333333334 0.0578125 0.26666666666666666
1 0.91171875 0.659375 0.0859375 0.3177083333333333
1 0.6859375 0.5552083333333333 0.0328125 0.18229166666666666
1 0.75625 0.5729166666666666 0.04296875 0.20625
1 0.8390625 0.5979166666666667 0.05703125 0.23333333333333334
1 0.909375 0.48333333333333334 0.01484375 0.04583333333333333
1 0.93203125 0.48333333333333334 0.02265625 0.053125
1 0.965625 0.48125 0.01796875 0.04895833333333333
1 0.990625 0.48333333333333334 0.01875 0.04895833333333333