1 0.8546875 0.5375 0.1 0.3541666666666667
1 0.80078125 0.61875 0.1140625 0.23541666666666666
1 0.778125 0.43020833333333336 0.0625 0.15208333333333332
1 0.7296875 0.425 0.0546875 0.14583333333333334
1 0.68359375 0.4375 0.0734375 0.17916666666666667
1 0.6265625 0.428125 0.05625 0.1375
1 0.5765625 0.45729166666666665 0.053125 0.18958333333333333
1 0.515625 0.47291666666666665 0.071875 0.18125
1 0.4640625 0.45208333333333334 0.0421875 0.13958333333333334
1 0.41953125 0.48020833333333335 0.0578125 0.18958333333333333
1 0.37109375 0.4739583333333333 0.0640625 0.15416666666666667
1 0.31875 0.47604166666666664 0.065625 0.15
1 0.2625 0.484375 0.0640625 0.1625
1 0.20625 0.484375 0.05625 0.18333333333333332
1 0.17109375 0.4822916666666667 0.04375 0.18958333333333333
1 0.128125 0.6125 0.084375 0.42291666666666666
1 0.19140625 0.709375 0.1109375 0.27291666666666664
1 0.25234375 0.684375 0.084375 0.25416666666666665
1 0.32109375 0.665625 0.0953125 0.2375
1 0.39296875 0.6427083333333333 0.078125 0.20208333333333334
1 0.47265625 0.6260416666666667 0.1015625 0.21666666666666667
1 0.5578125 0.6145833333333334 0.0921875 0.20208333333333334
1 0.63671875 0.6052083333333333 0.1 0.22916666666666666
1 0.72421875 0.603125 0.0953125 0.22083333333333333