1 0.51328125 0.5041666666666667 0.0234375 0.09791666666666667
1 0.47578125 0.5020833333333333 0.025 0.10208333333333333
1 0.440625 0.503125 0.028125 0.10208333333333333
1 0.6296875 0.5854166666666667 0.04375 0.19166666666666668
1 0.69609375 0.6135416666666667 0.0625 0.225
1 0.77890625 0.6479166666666667 0.075 0.27291666666666664
1 0.9 0.70625 0.10625 0.32708333333333334
1 0.68125 0.5770833333333333 0.0453125 0.18541666666666667
1 0.75078125 0.6020833333333333 0.05625 0.21041666666666667
1 0.83125 0.6364583333333333 0.071875 0.23958333333333334
1 0.90859375 0.53125 0.0171875 0.04791666666666667
1 0.93125 0.5333333333333333 0.0265625 0.05625
1 0.96484375 0.5354166666666667 0.021875 0.05
1 0.9890625 0.5395833333333333 0.021875 0.05