1 0.1359375 0.734375 0.0734375 0.36354166666666665
1 0.21796875 0.7270833333333333 0.04609375 0.30104166666666665
1 0.2921875 0.725 0.04140625 0.28229166666666666
1 0.32109375 0.7291666666666666 0.03671875 0.32083333333333336
1 0.3484375 0.7229166666666667 0.028125 0.27395833333333336
1 0.39453125 0.7197916666666667 0.06796875 0.31666666666666665
1 0.45234375 0.725 0.05703125 0.2875
1 0.49609375 0.7135416666666666 0.028125 0.22916666666666666
1 0.528125 0.709375 0.0265625 0.22291666666666668
1 0.5609375 0.7239583333333334 0.03828125 0.25729166666666664
1 0.5921875 0.7260416666666667 0.03046875 0.23854166666666668
1 0.6296875 0.7239583333333334 0.03828125 0.23333333333333334
1 0.66484375 0.7260416666666667 0.03203125 0.23229166666666667
1 0.69609375 0.7239583333333334 0.021875 0.21145833333333333
1 0.7203125 0.7291666666666666 0.02578125 0.20104166666666667
1 0.74375 0.7364583333333333 0.025 0.18541666666666667