1 0.90390625 0.70625 0.0984375 0.32708333333333334
1 0.87265625 0.6989583333333333 0.05859375 0.2833333333333333
1 0.77109375 0.6927083333333334 0.0765625 0.28125
1 0.7015625 0.6885416666666667 0.07578125 0.25104166666666666
1 0.63828125 0.6875 0.0703125 0.26979166666666665
1 0.55234375 0.6666666666666666 0.06875 0.2635416666666667
1 0.4328125 0.6854166666666667 0.07109375 0.35104166666666664
1 0.359375 0.7072916666666667 0.07109375 0.37604166666666666
1 0.296875 0.7052083333333333 0.10703125 0.446875
1 0.203125 0.684375 0.06640625 0.32708333333333334
1 0.10078125 0.73125 0.115625 0.4864583333333333