1 0.5125 0.50625 0.0296875 0.1
1 0.47578125 0.49895833333333334 0.03125 0.10208333333333333
1 0.440625 0.49583333333333335 0.034375 0.10416666666666667
1 0.621875 0.603125 0.0578125 0.19375
1 0.68671875 0.640625 0.078125 0.22708333333333333
1 0.765625 0.6854166666666667 0.0953125 0.27708333333333335
1 0.88125 0.7614583333333333 0.1296875 0.3333333333333333
1 0.675 0.6010416666666667 0.0578125 0.1875
1 0.74140625 0.6364583333333333 0.071875 0.2125
1 0.81875 0.6822916666666666 0.0890625 0.24375
1 0.90390625 0.5875 0.021875 0.04791666666666667
1 0.9265625 0.59375 0.0296875 0.058333333333333334
1 0.959375 0.6 0.025 0.052083333333333336
1 0.984375 0.6083333333333333 0.025 0.052083333333333336