1 0.8703125 0.7177083333333333 0.0828125 0.36666666666666664
1 0.7875 0.7135416666666666 0.0546875 0.3020833333333333
1 0.71328125 0.715625 0.0484375 0.2833333333333333
1 0.68515625 0.7208333333333333 0.0453125 0.3229166666666667
1 0.65703125 0.715625 0.0359375 0.275
1 0.6109375 0.7145833333333333 0.0765625 0.31875
1 0.55390625 0.7229166666666667 0.0640625 0.28958333333333336
1 0.509375 0.7135416666666666 0.034375 0.23125
1 0.47734375 0.7104166666666667 0.0328125 0.225
1 0.4453125 0.7270833333333333 0.0453125 0.25833333333333336
1 0.4140625 0.7302083333333333 0.0359375 0.23958333333333334
1 0.3765625 0.7302083333333333 0.04375 0.23541666666666666
1 0.34140625 0.7333333333333333 0.0375 0.23333333333333334
1 0.31015625 0.7333333333333333 0.028125 0.2125
1 0.2859375 0.7395833333333334 0.03125 0.20208333333333334
1 0.2625 0.7479166666666667 0.0296875 0.1875