1 0.084375 0.6583333333333333 0.11875 0.3375
1 0.115625 0.6552083333333333 0.0765625 0.28958333333333336
1 0.2171875 0.6604166666666667 0.0953125 0.28958333333333336
1 0.28671875 0.6645833333333333 0.0921875 0.25833333333333336
1 0.35 0.6708333333333333 0.0875 0.27708333333333335
1 0.43671875 0.6604166666666667 0.0859375 0.2708333333333333
1 0.5546875 0.6927083333333334 0.09375 0.35833333333333334
1 0.6265625 0.7229166666666667 0.0953125 0.38333333333333336
1 0.6890625 0.728125 0.1359375 0.4583333333333333
1 0.78359375 0.7177083333333333 0.0875 0.3333333333333333
1 0.8828125 0.7635416666666667 0.146875 0.47291666666666665