1 0.1890625 0.828125 0.1375 0.34375
1 0.2671875 0.8114583333333333 0.1 0.30625
1 0.3390625 0.7854166666666667 0.090625 0.2875
1 0.36796875 0.7802083333333333 0.09375 0.3229166666666667
1 0.39375 0.765625 0.0765625 0.275
1 0.4375 0.746875 0.1234375 0.32916666666666666
1 0.49453125 0.7333333333333333 0.1078125 0.29791666666666666
1 0.53515625 0.7083333333333334 0.06875 0.23125
1 0.565625 0.69375 0.065625 0.225
1 0.6 0.6979166666666666 0.084375 0.2625
1 0.63046875 0.6895833333333333 0.0734375 0.24166666666666667
1 0.66640625 0.675 0.0796875 0.23958333333333334
1 0.70078125 0.6666666666666666 0.0734375 0.23541666666666666
1 0.73125 0.6541666666666667 0.059375 0.2125
1 0.75546875 0.6510416666666666 0.0609375 0.20416666666666666
1 0.7796875 0.6510416666666666 0.0578125 0.1875