0 0.7265625 0.1078125 0.040625 0.15546875
0 0.78125 0.3734375 0.09453125 0.30625
0 0.790625 0.1109375 0.02890625 0.09296875
0 0.8046875 0.421875 0.09765625 0.334375
0 0.7671875 0.1015625 0.03359375 0.07109375
0 0.178125 0.209375 0.06328125 0.215625
0 0.0921875 0.18671875 0.03984375 0.1640625
0 0.16875 0.0578125 0.02421875 0.103125
0 0.134375 0.06640625 0.02421875 0.1140625
0 0.1078125 0.0921875 0.01796875 0.12578125
0 0.146875 0.20859375 0.03203125 0.2203125
0 0.2109375 0.2 0.03359375 0.215625
0 0.1984375 0.18046875 0.04140625 0.1984375
0 0.5890625 0.07734375 0.03203125 0.1453125
0 0.73828125 0.03125 0.0203125 0.034375
0 0.2359375 0.140625 0.03125 0.16953125