0 0.0421875 0.5578125 0.07734375 0.29296875
0 0.08515625 0.521875 0.0765625 0.34140625
0 0.165625 0.096875 0.015625 0.08828125
0 0.0984375 0.4765625 0.03984375 0.21328125
0 0.1859375 0.553125 0.09453125 0.30390625
0 0.1328125 0.4859375 0.05390625 0.21484375
0 0.203125 0.78984375 0.14765625 0.4015625
0 0.259375 0.484375 0.05390625 0.33984375
0 0.2890625 0.4875 0.08203125 0.296875
0 0.3296875 0.7296875 0.09609375 0.540625
0 0.87890625 0.25546875 0.0390625 0.1484375
0 0.925 0.2328125 0.03671875 0.15625
0 0.96875 0.2640625 0.02578125 0.140625