0 0.75625 0.34765625 0.04921875 0.2796875
0 0.725 0.33671875 0.05859375 0.2984375
0 0.7671875 0.1578125 0.0375 0.13203125
0 0.6171875 0.0828125 0.02109375 0.14296875
0 0.565625 0.0671875 0.028125 0.134375
0 0.54453125 0.26875 0.0453125 0.25546875
0 0.596875 0.22890625 0.06796875 0.2515625
0 0.353125 0.24765625 0.05390625 0.2859375
0 0.2921875 0.24765625 0.04453125 0.2484375
0 0.23515625 0.21953125 0.0328125 0.2109375
0 0.390625 0.1640625 0.03515625 0.22109375
0 0.41953125 0.146875 0.0296875 0.20703125
0 0.2796875 0.084375 0.02109375 0.09296875
0 0.121875 0.2265625 0.03984375 0.171875
0 0.096875 0.253125 0.02734375 0.20078125
0 0.25625 0.1625 0.03046875 0.184375
0 0.21796875 0.0890625 0.0265625 0.090625