0 0.3203125 0.10234375 0.04375 0.1609375
0 0.3203125 0.3421875 0.08671875 0.32109375
0 0.2421875 0.09375 0.03046875 0.09296875
0 0.3109375 0.39296875 0.09609375 0.3546875
0 0.2703125 0.08359375 0.03359375 0.0796875
0 0.8625 0.2140625 0.04453125 0.203125
0 0.92734375 0.18828125 0.0453125 0.1546875
0 0.853125 0.053125 0.02109375 0.09140625
0 0.884375 0.07109375 0.021875 0.0984375
0 0.9078125 0.0953125 0.01796875 0.1
0 0.8859375 0.20625 0.03359375 0.190625
0 0.8328125 0.196875 0.0375 0.215625
0 0.45234375 0.0703125 0.0328125 0.140625
0 0.303125 0.0609375 0.028125 0.12109375