0 0.371875 0.084375 0.040625 0.16171875
0 0.4453125 0.3125 0.09765625 0.32890625
0 0.275 0.07421875 0.03515625 0.1015625
0 0.42265625 0.36640625 0.1078125 0.3734375
0 0.3078125 0.0640625 0.03515625 0.07578125
0 0.896875 0.215625 0.03984375 0.19140625
0 0.95 0.19375 0.0375 0.140625
0 0.875 0.0640625 0.02734375 0.10703125
0 0.90390625 0.084375 0.0265625 0.09609375
0 0.921875 0.09375 0.01640625 0.084375
0 0.915625 0.215625 0.034375 0.178125
0 0.86875 0.2 0.03828125 0.19609375
0 0.490625 0.0625 0.04140625 0.11875