0 0.9578125 0.5578125 0.07734375 0.29296875
0 0.91484375 0.521875 0.0765625 0.34140625
0 0.834375 0.096875 0.015625 0.08828125
0 0.9015625 0.4765625 0.03984375 0.21328125
0 0.8140625 0.553125 0.09453125 0.30390625
0 0.8671875 0.4859375 0.05390625 0.21484375
0 0.796875 0.78984375 0.14765625 0.4015625
0 0.740625 0.484375 0.05390625 0.33984375
0 0.7109375 0.4875 0.08203125 0.296875
0 0.6703125 0.7296875 0.09609375 0.540625
0 0.12109375 0.25546875 0.0390625 0.1484375
0 0.075 0.2328125 0.03671875 0.15625
0 0.03125 0.2640625 0.02578125 0.140625