0 0.4609375 0.2703125 0.06953125 0.190625
0 0.35234375 0.2890625 0.0609375 0.171875
0 0.875 0.3046875 0.06640625 0.21171875
0 0.3890625 0.32421875 0.05234375 0.1765625
0 0.8203125 0.3296875 0.06171875 0.19453125
0 0.0984375 0.340625 0.05234375 0.14296875
0 0.7140625 0.3609375 0.04375 0.19765625
0 0.7578125 0.36875 0.04609375 0.159375
0 0.1703125 0.4 0.053125 0.18359375
0 0.1203125 0.4 0.04609375 0.19453125
0 0.684375 0.40390625 0.04765625 0.2265625
0 0.2921875 0.50625 0.07734375 0.18046875
0 0.1671875 0.546875 0.07265625 0.290625
0 0.759375 0.5703125 0.09140625 0.28046875
0 0.321875 0.578125 0.0625 0.209375
0 0.25703125 0.6109375 0.0984375 0.2625
0 0.84453125 0.6375 0.0984375 0.278125
0 0.675 0.6421875 0.09921875 0.25625
0 0.11171875 0.6484375 0.0828125 0.240625