0 0.5390625 0.2703125 0.06953125 0.190625
0 0.64765625 0.2890625 0.0609375 0.171875
0 0.125 0.3046875 0.06640625 0.21171875
0 0.6109375 0.32421875 0.05234375 0.1765625
0 0.1796875 0.3296875 0.06171875 0.19453125
0 0.9015625 0.340625 0.05234375 0.14296875
0 0.2859375 0.3609375 0.04375 0.19765625
0 0.2421875 0.36875 0.04609375 0.159375
0 0.8296875 0.4 0.053125 0.18359375
0 0.8796875 0.4 0.04609375 0.19453125
0 0.315625 0.40390625 0.04765625 0.2265625
0 0.7078125 0.50625 0.07734375 0.18046875
0 0.8328125 0.546875 0.07265625 0.290625
0 0.240625 0.5703125 0.09140625 0.28046875
0 0.678125 0.578125 0.0625 0.209375
0 0.74296875 0.6109375 0.0984375 0.2625
0 0.15546875 0.6375 0.0984375 0.278125
0 0.325 0.6421875 0.09921875 0.25625
0 0.88828125 0.6484375 0.0828125 0.240625