1 0.82578125 0.740625 0.0828125 0.21041666666666667
1 0.96484375 0.6395833333333333 0.0703125 0.2
1 0.13671875 0.8395833333333333 0.04375 0.13125
1 0.97265625 0.49895833333333334 0.03125 0.06458333333333334
1 0.8328125 0.228125 0.0203125 0.05
1 0.8453125 0.23125 0.0171875 0.041666666666666664
1 0.05390625 0.5604166666666667 0.0140625 0.035416666666666666
1 0.02578125 0.5666666666666667 0.0203125 0.05
1 0.9125 0.21979166666666666 0.0171875 0.03958333333333333
1 0.20546875 0.5427083333333333 0.01875 0.05
1 0.15 0.5333333333333333 0.015625 0.03958333333333333