0 0.46796875 0.3046875 0.0640625 0.31875
0 0.58359375 0.34140625 0.0734375 0.2546875
0 0.696875 0.3421875 0.065625 0.25703125
0 0.775 0.44453125 0.0375 0.2453125
0 0.840625 0.44375 0.0625 0.15234375
0 0.74375 0.4796875 0.046875 0.271875
0 0.1171875 0.48203125 0.084375 0.3015625
0 0.3578125 0.50625 0.04453125 0.10078125
0 0.20390625 0.5203125 0.0609375 0.34296875
0 0.0625 0.53359375 0.04453125 0.3453125
0 0.0328125 0.54765625 0.05859375 0.3578125
0 0.50390625 0.5625 0.0734375 0.2625
0 0.71015625 0.58125 0.0640625 0.21328125
0 0.6734375 0.5859375 0.0625 0.15703125
0 0.88671875 0.5984375 0.0734375 0.16171875
0 0.34140625 0.6015625 0.0515625 0.13984375
0 0.5640625 0.61640625 0.075 0.3109375
0 0.978125 0.61953125 0.04296875 0.2671875
0 0.28203125 0.6359375 0.0609375 0.16171875
0 0.39765625 0.68125 0.0484375 0.36484375
0 0.75234375 0.6921875 0.0484375 0.11015625
0 0.6875 0.7171875 0.05703125 0.14921875
0 0.83671875 0.83515625 0.0765625 0.3109375
0 0.890625 0.8359375 0.06953125 0.31640625
0 0.734375 0.8625 0.07890625 0.26484375
0 0.5515625 0.890625 0.05 0.203125
0 0.484375 0.9140625 0.06796875 0.16171875
0 0.0375 0.1578125 0.0625 0.29140625
0 0.778125 0.19375 0.084375 0.23984375