1 0.884375 0.5229166666666667 0.03125 0.09583333333333334
1 0.09296875 0.840625 0.071875 0.18541666666666667
1 0.86640625 0.53125 0.0296875 0.0875
1 0.25859375 0.9520833333333333 0.0640625 0.09583333333333334
1 0.0546875 0.715625 0.034375 0.08541666666666667
1 0.953125 0.6489583333333333 0.0515625 0.12916666666666668
1 0.884375 0.484375 0.0171875 0.035416666666666666
1 0.23984375 0.5510416666666667 0.0296875 0.05625
1 0.0796875 0.6822916666666666 0.0453125 0.09375
1 0.1203125 0.38645833333333335 0.021875 0.05416666666666667
1 0.1078125 0.3927083333333333 0.0171875 0.04583333333333333
1 0.0390625 0.4125 0.0203125 0.04791666666666667
1 0.65703125 0.6239583333333333 0.1203125 0.225