1 0.2109375 0.8895833333333333 0.0484375 0.13020833333333334
1 0.06171875 0.7614583333333333 0.053125 0.178125
1 0.8875 0.6 0.01640625 0.08020833333333334
1 0.87421875 0.5947916666666667 0.01875 0.084375
1 0.85703125 0.596875 0.02265625 0.07916666666666666
1 0.03203125 0.63125 0.03125 0.09166666666666666
1 0.13515625 0.315625 0.015625 0.052083333333333336
1 0.1234375 0.3177083333333333 0.01328125 0.046875
1 0.053125 0.328125 0.01640625 0.04479166666666667
1 0.88984375 0.5583333333333333 0.01953125 0.05416666666666667
1 0.23828125 0.503125 0.025 0.05520833333333333
1 0.63984375 0.6489583333333333 0.103125 0.23125