0 0.409375 0.253125 0.07109375 0.19609375
0 0.48125 0.2609375 0.04453125 0.23046875
0 0.2703125 0.2625 0.053125 0.38515625
0 0.9765625 0.2890625 0.046875 0.33359375
0 0.33125 0.2921875 0.07109375 0.328125
0 0.878125 0.31875 0.071875 0.171875
0 0.68359375 0.3203125 0.0640625 0.14921875
0 0.2078125 0.328125 0.05390625 0.13984375
0 0.615625 0.33671875 0.071875 0.2546875
0 0.14453125 0.340625 0.0484375 0.13984375
0 0.834375 0.396875 0.04296875 0.12734375
0 0.0234375 0.40703125 0.046875 0.1046875
0 0.453125 0.428125 0.05 0.32109375
0 0.9125 0.44375 0.05703125 0.146875
0 0.0921875 0.4453125 0.06953125 0.11484375
0 0.6578125 0.453125 0.065625 0.18125
0 0.56015625 0.47421875 0.0640625 0.1890625
0 0.1875 0.5046875 0.053125 0.13203125
0 0.953125 0.05234375 0.046875 0.1046875
0 0.7078125 0.5265625 0.053125 0.32109375
0 0.1421875 0.53046875 0.04609375 0.1421875
0 0.28125 0.5578125 0.06953125 0.19140625
0 0.3359375 0.0578125 0.059375 0.11484375
0 0.6046875 0.56875 0.05 0.15234375
0 0.7921875 0.57734375 0.07109375 0.3109375
0 0.028125 0.58203125 0.05390625 0.3109375
0 0.209375 0.6234375 0.04609375 0.13515625
0 0.3890625 0.63125 0.046875 0.22578125
0 0.0796875 0.653125 0.0625 0.30625
0 0.56484375 0.6921875 0.0484375 0.31875
0 0.90625 0.70625 0.0625 0.30390625
0 0.29375 0.71171875 0.05703125 0.1765625
0 0.48984375 0.7125 0.0640625 0.20859375
0 0.8125 0.7296875 0.06640625 0.13984375
0 0.621875 0.74296875 0.0625 0.2796875
0 0.671875 0.775 0.053125 0.35078125
0 0.125 0.778125 0.06953125 0.375
0 0.17421875 0.7953125 0.0515625 0.32109375
0 0.33046875 0.7984375 0.0640625 0.16640625
0 0.74609375 0.809375 0.0765625 0.29921875
0 0.4078125 0.8265625 0.05390625 0.22265625
0 0.1953125 0.828125 0.04453125 0.24296875
0 0.1984375 0.8296875 0.04140625 0.28671875
0 0.2484375 0.8453125 0.05703125 0.30859375
0 0.859375 0.86953125 0.053125 0.2609375
0 0.803125 0.88984375 0.046875 0.2203125
0 0.3484375 0.8984375 0.071875 0.20078125
0 0.925 0.91796875 0.04453125 0.1640625
0 0.290625 0.92109375 0.040625 0.1578125
0 0.49609375 0.925 0.0515625 0.14921875
0 0.4515625 0.9265625 0.05546875 0.146875
0 0.490625 0.09453125 0.04609375 0.1890625
0 0.634375 0.9421875 0.05703125 0.11484375
0 0.73125 0.96328125 0.059375 0.0734375
0 0.55625 0.11953125 0.06796875 0.2328125
0 0.6171875 0.14765625 0.05703125 0.1078125
0 0.70078125 0.1578125 0.0765625 0.20859375
0 0.8640625 0.1734375 0.046875 0.13203125
0 0.76015625 0.1921875 0.0609375 0.26484375
0 0.81640625 0.20625 0.0515625 0.26484375
0 0.903125 0.2125 0.046875 0.159375
0 0.18359375 0.221875 0.0640625 0.090625
0 0.94375 0.22890625 0.040625 0.2203125