1 0.85390625 0.596875 0.021875 0.084375
1 0.0609375 0.75625 0.05078125 0.19166666666666668
1 0.89140625 0.5989583333333334 0.01796875 0.08020833333333334
1 0.87421875 0.5958333333333333 0.01953125 0.08541666666666667
1 0.21484375 0.884375 0.05078125 0.196875
1 0.03515625 0.6333333333333333 0.028125 0.08854166666666667
1 0.1359375 0.31666666666666665 0.015625 0.052083333333333336
1 0.053125 0.328125 0.01640625 0.04479166666666667
1 0.1234375 0.31979166666666664 0.01328125 0.04583333333333333
1 0.884375 0.5604166666666667 0.02890625 0.058333333333333334
1 0.975 0.440625 0.0171875 0.053125
1 0.6328125 0.6625 0.11171875 0.25729166666666664