1 0.878125 0.59375 0.021875 0.09166666666666666
1 0.06171875 0.7614583333333333 0.0546875 0.17604166666666668
1 0.859375 0.5989583333333334 0.021875 0.08333333333333333
1 0.2109375 0.9291666666666667 0.04921875 0.13958333333333334
1 0.03671875 0.63125 0.02578125 0.08229166666666667
1 0.9328125 0.73125 0.0390625 0.12395833333333334
1 0.88203125 0.55625 0.0140625 0.03229166666666667
1 0.23671875 0.5020833333333333 0.02421875 0.053125
1 0.99140625 0.790625 0.0171875 0.103125
1 0.06484375 0.6020833333333333 0.0359375 0.0875
1 0.1359375 0.31666666666666665 0.01640625 0.051041666666666666
1 0.12265625 0.32083333333333336 0.01328125 0.04375
1 0.05234375 0.328125 0.01640625 0.04479166666666667
1 0.6421875 0.6520833333333333 0.1 0.20833333333333334