0 0.49453125 0.2671875 0.0609375 0.20078125
0 0.3265625 0.334375 0.06953125 0.284375
0 0.43125 0.3421875 0.04453125 0.17421875
0 0.26875 0.3625 0.03203125 0.29375
0 0.24375 0.3703125 0.034375 0.31875
0 0.4609375 0.40234375 0.04453125 0.0734375
0 0.0890625 0.43125 0.071875 0.30625
0 0.615625 0.4359375 0.059375 0.125
0 0.509375 0.4484375 0.046875 0.16171875
0 0.390625 0.453125 0.05546875 0.284375
0 0.94609375 0.484375 0.0390625 0.13203125
0 0.1609375 0.490625 0.08359375 0.21328125
0 0.46875 0.5046875 0.06796875 0.146875
0 0.759375 0.5421875 0.05546875 0.34296875
0 0.559375 0.5515625 0.046875 0.35078125
0 0.978125 0.5609375 0.04140625 0.11484375
0 0.715625 0.56875 0.04453125 0.353125
0 0.446875 0.58203125 0.059375 0.0640625
0 0.3265625 0.6015625 0.078125 0.271875
0 0.67578125 0.62421875 0.0515625 0.3015625
0 0.6359375 0.63359375 0.053125 0.3109375
0 0.5328125 0.64140625 0.04140625 0.2328125
0 0.5890625 0.64609375 0.053125 0.3109375
0 0.3953125 0.7125 0.034375 0.20078125
0 0.490625 0.7140625 0.05703125 0.30859375
0 0.4234375 0.7578125 0.04453125 0.29921875
0 0.1734375 0.76875 0.09453125 0.36015625
0 0.31953125 0.778125 0.0765625 0.125
0 0.69921875 0.81640625 0.0640625 0.2203125
0 0.9046875 0.828125 0.090625 0.30390625
0 0.96484375 0.8484375 0.0703125 0.28125
0 0.7546875 0.8890625 0.06796875 0.203125
0 0.33125 0.90703125 0.08359375 0.1765625
0 0.67890625 0.9390625 0.0609375 0.1125
0 0.75625 0.22890625 0.05390625 0.3234375