1 0.86640625 0.6541666666666667 0.0296875 0.09375
1 0.04140625 0.6885416666666667 0.0703125 0.18333333333333332
1 0.84765625 0.65625 0.0296875 0.08541666666666667
1 0.17421875 0.8791666666666667 0.0609375 0.14583333333333334
1 0.028125 0.5552083333333333 0.0328125 0.08541666666666667
1 0.90859375 0.8 0.05 0.12916666666666668
1 0.87421875 0.6177083333333333 0.0171875 0.03333333333333333
1 0.23828125 0.459375 0.028125 0.05625
1 0.9609375 0.86875 0.0265625 0.10416666666666667
1 0.05859375 0.5302083333333333 0.04375 0.09166666666666666
1 0.15546875 0.259375 0.0203125 0.05416666666666667
1 0.1421875 0.2604166666666667 0.0171875 0.04583333333333333
1 0.07109375 0.25625 0.0203125 0.04791666666666667
1 0.62734375 0.6739583333333333 0.11875 0.22291666666666668