1 0.21484375 0.81875 0.0546875 0.2
1 0.06171875 0.75625 0.04765625 0.190625
1 0.90546875 0.740625 0.0265625 0.12604166666666666
1 0.0359375 0.61875 0.0234375 0.059375
1 0.134375 0.3177083333333333 0.0140625 0.04791666666666667
1 0.12265625 0.32395833333333335 0.0125 0.03854166666666667
1 0.946875 0.44583333333333336 0.009375 0.034375
1 0.975 0.44479166666666664 0.0140625 0.046875
1 0.0546875 0.3302083333333333 0.0125 0.0375
1 0.7953125 0.4666666666666667 0.0125 0.04791666666666667
1 0.8484375 0.44375 0.0109375 0.036458333333333336