0 0.8171875 0.40546875 0.06796875 0.3453125
0 0.9703125 0.578125 0.059375 0.353125
0 0.4984375 0.6046875 0.06953125 0.33828125
0 0.440625 0.6296875 0.053125 0.33828125
0 0.390625 0.653125 0.05390625 0.34296875
0 0.5875 0.6765625 0.071875 0.353125
0 0.7359375 0.6984375 0.06953125 0.340625
0 0.6703125 0.73203125 0.075 0.3703125
0 0.06171875 0.9203125 0.0609375 0.14453125
0 0.22890625 0.11640625 0.0609375 0.2328125
0 0.553125 0.1203125 0.04453125 0.23984375
0 0.5046875 0.12265625 0.046875 0.2453125
0 0.065625 0.196875 0.0625 0.34296875