0 0.2125 0.25625 0.05703125 0.13515625
0 0.3734375 0.27109375 0.04296875 0.1984375
0 0.278125 0.2796875 0.04453125 0.171875
0 0.33359375 0.303125 0.0390625 0.26953125
0 0.2859375 0.3046875 0.075 0.23984375
0 0.8828125 0.3078125 0.075 0.15703125
0 0.45078125 0.35 0.0484375 0.25234375
0 0.4921875 0.35625 0.046875 0.215625
0 0.96875 0.3625 0.05859375 0.23046875
0 0.69375 0.38515625 0.053125 0.1421875
0 0.1421875 0.4296875 0.065625 0.31875
0 0.7578125 0.4453125 0.0625 0.20078125
0 0.0796875 0.4609375 0.059375 0.19140625
0 0.80859375 0.46171875 0.0609375 0.2328125
0 0.57109375 0.046875 0.0640625 0.09296875
0 0.9109375 0.46796875 0.0625 0.1859375
0 0.5359375 0.484375 0.06640625 0.32109375
0 0.253125 0.5 0.08203125 0.215625
0 0.6234375 0.5546875 0.034375 0.24765625
0 0.684375 0.584375 0.06640625 0.33125
0 0.8375 0.6234375 0.075 0.32109375
0 0.07421875 0.6390625 0.0515625 0.16875
0 0.503125 0.65546875 0.046875 0.2546875
0 0.46015625 0.0671875 0.0703125 0.134375
0 0.16796875 0.6984375 0.0515625 0.159375
0 0.12890625 0.7046875 0.0515625 0.228125
0 0.8671875 0.7046875 0.08203125 0.27734375
0 0.6375 0.75546875 0.05703125 0.2453125
0 0.0265625 0.7609375 0.040625 0.20625
0 0.5875 0.775 0.06640625 0.26484375
0 0.359375 0.784375 0.071875 0.37734375
0 0.915625 0.79921875 0.078125 0.2203125
0 0.7171875 0.81875 0.05859375 0.19140625
0 0.75703125 0.8328125 0.0515625 0.23515625
0 0.2140625 0.85390625 0.05 0.1078125
0 0.165625 0.87578125 0.053125 0.1765625
0 0.4046875 0.88671875 0.053125 0.1890625
0 0.6921875 0.88984375 0.06953125 0.2203125
0 0.309375 0.9 0.065625 0.19609375
0 0.7953125 0.9140625 0.053125 0.16640625
0 0.8265625 0.91875 0.05859375 0.16171875
0 0.1171875 0.09296875 0.06640625 0.1859375
0 0.65 0.93125 0.05390625 0.1375
0 0.0953125 0.93125 0.053125 0.12265625
0 0.5875 0.94140625 0.05390625 0.1078125
0 0.2078125 0.95 0.05703125 0.090625
0 0.1484375 0.95234375 0.04609375 0.0953125
0 0.95703125 0.0953125 0.0671875 0.190625
0 0.290625 0.10390625 0.0625 0.1546875
0 0.4015625 0.10546875 0.05703125 0.2109375
0 0.6625 0.14375 0.05390625 0.10078125
0 0.8765625 0.1640625 0.059375 0.14921875
0 0.8203125 0.171875 0.04296875 0.29140625
0 0.75625 0.19453125 0.05859375 0.1078125
0 0.6125 0.20078125 0.071875 0.3140625
0 0.69296875 0.2265625 0.0640625 0.125