0 0.8046875 0.2734375 0.065625 0.17421875
0 0.946875 0.31484375 0.059375 0.1203125
0 0.30546875 0.315625 0.0390625 0.09765625
0 0.8765625 0.3296875 0.06796875 0.2375
0 0.2296875 0.3828125 0.065625 0.11796875
0 0.0640625 0.4 0.07890625 0.18125
0 0.1328125 0.421875 0.053125 0.171875
0 0.80859375 0.4234375 0.0484375 0.11484375
0 0.303125 0.4296875 0.0625 0.12734375
0 0.2328125 0.4328125 0.05 0.26953125
0 0.3546875 0.4375 0.053125 0.20859375
0 0.4109375 0.4390625 0.0625 0.19140625
0 0.471875 0.4421875 0.04453125 0.11484375
0 0.684375 0.4703125 0.05859375 0.24296875
0 0.59375 0.46875 0.06796875 0.21328125
0 0.95625 0.4703125 0.0625 0.18359375
0 0.8546875 0.4765625 0.03359375 0.13984375
0 0.75234375 0.4984375 0.0609375 0.13984375
0 0.9046875 0.54375 0.05703125 0.13203125
0 0.33515625 0.05625 0.0484375 0.09296875
0 0.20625 0.571875 0.06953125 0.11796875
0 0.56796875 0.59765625 0.0484375 0.1203125
0 0.290625 0.61953125 0.0625 0.1203125
0 0.1109375 0.6328125 0.06640625 0.29375
0 0.74375 0.63359375 0.05703125 0.1640625
0 0.8015625 0.659375 0.05390625 0.15234375
0 0.93046875 0.659375 0.0515625 0.16640625
0 0.603125 0.665625 0.05 0.15703125
0 0.0390625 0.66875 0.05546875 0.30625
0 0.40234375 0.69609375 0.0765625 0.1421875
0 0.8828125 0.71328125 0.05546875 0.1859375
0 0.2296875 0.7375 0.04296875 0.19609375
0 0.175 0.73984375 0.06796875 0.2453125
0 0.565625 0.76484375 0.075 0.1765625
0 0.71796875 0.76953125 0.0640625 0.1765625
0 0.4875 0.7796875 0.0625 0.12734375
0 0.8296875 0.0796875 0.06640625 0.159375
0 0.40625 0.8125 0.05390625 0.13515625
0 0.34921875 0.834375 0.0609375 0.23984375
0 0.2859375 0.85078125 0.059375 0.2109375
0 0.10390625 0.8734375 0.0484375 0.17421875
0 0.4296875 0.08984375 0.0625 0.1640625
0 0.86875 0.8984375 0.0875 0.20078125
0 0.63828125 0.090625 0.0640625 0.18125
0 0.03984375 0.909375 0.0765625 0.18125
0 0.14375 0.91171875 0.06640625 0.1765625
0 0.140625 0.9125 0.0625 0.175
0 0.703125 0.915625 0.05546875 0.13515625
0 0.29375 0.0953125 0.04296875 0.18359375
0 0.625 0.93125 0.06640625 0.1375
0 0.4453125 0.93984375 0.07109375 0.1203125
0 0.70234375 0.946875 0.0765625 0.10625
0 0.54921875 0.95078125 0.0734375 0.0953125
0 0.39453125 0.1 0.0453125 0.2
0 0.121875 0.10234375 0.05859375 0.1984375
0 0.4578125 0.1140625 0.06640625 0.11484375
0 0.8796875 0.1390625 0.059375 0.20859375
0 0.5609375 0.1453125 0.046875 0.18125
0 0.9421875 0.15 0.053125 0.14453125
0 0.5203125 0.171875 0.046875 0.215625
0 0.7203125 0.178125 0.078125 0.22578125
0 0.159375 0.203125 0.059375 0.125
0 0.4328125 0.209375 0.059375 0.11796875
0 0.646875 0.21484375 0.06640625 0.1296875
0 0.271875 0.2328125 0.05 0.11796875
0 0.48203125 0.24375 0.0609375 0.159375