0 0.08515625 0.27890625 0.0609375 0.3109375
0 0.15390625 0.2875 0.0609375 0.34296875
0 0.1953125 0.2890625 0.05390625 0.30859375
0 0.290625 0.29375 0.084375 0.29375
0 0.47421875 0.29375 0.0609375 0.215625
0 0.521875 0.39453125 0.05859375 0.2453125
0 0.95859375 0.421875 0.0828125 0.221875
0 0.8296875 0.4375 0.05390625 0.32578125
0 0.7875 0.4546875 0.06953125 0.36015625
0 0.89375 0.4609375 0.059375 0.32578125
0 0.6203125 0.465625 0.05859375 0.296875
0 0.7171875 0.47890625 0.05703125 0.3359375
0 0.6640625 0.50625 0.06796875 0.32578125
0 0.4703125 0.5171875 0.04453125 0.25
0 0.42890625 0.52421875 0.0734375 0.2796875
0 0.5484375 0.64453125 0.06796875 0.2109375
0 0.7171875 0.6890625 0.05859375 0.08828125
0 0.4984375 0.73125 0.04453125 0.33125
0 0.1765625 0.7453125 0.09140625 0.30390625
0 0.284375 0.7828125 0.08359375 0.353125
0 0.6421875 0.790625 0.06640625 0.30625
0 0.3421875 0.796875 0.0625 0.31875
0 0.425 0.8234375 0.065625 0.33828125
0 0.840625 0.8453125 0.05703125 0.26484375
0 0.5875 0.86015625 0.065625 0.2671875
0 0.734375 0.8609375 0.08203125 0.26484375
0 0.53125 0.8703125 0.06640625 0.24765625
0 0.3890625 0.9109375 0.046875 0.17421875
0 0.88125 0.9515625 0.07109375 0.07578125
0 0.61796875 0.959375 0.0640625 0.07578125
0 0.53671875 0.178125 0.0734375 0.20859375
0 0.371875 0.1890625 0.053125 0.30859375
0 0.58125 0.1984375 0.0625 0.33359375