1 0.1390625 0.5135416666666667 0.0328125 0.0875
1 0.89921875 0.8541666666666666 0.075 0.2
1 0.1015625 0.5072916666666667 0.028125 0.08333333333333333
1 0.11875 0.5072916666666667 0.0296875 0.08958333333333333
1 0.7296875 0.9208333333333333 0.075 0.15833333333333333
1 0.940625 0.7385416666666667 0.0390625 0.09375
1 0.88203125 0.4041666666666667 0.021875 0.05416666666666667
1 0.9625 0.434375 0.021875 0.04791666666666667
1 0.89453125 0.409375 0.01875 0.04791666666666667
1 0.11328125 0.4708333333333333 0.0359375 0.06458333333333334
1 0.03984375 0.33125 0.0234375 0.05625
1 0.34765625 0.6291666666666667 0.14375 0.2791666666666667