0 0.590625 0.253125 0.07109375 0.19609375
0 0.51875 0.2609375 0.04453125 0.23046875
0 0.7296875 0.2625 0.053125 0.38515625
0 0.0234375 0.2890625 0.046875 0.33359375
0 0.66875 0.2921875 0.07109375 0.328125
0 0.121875 0.31875 0.071875 0.171875
0 0.31640625 0.3203125 0.0640625 0.14921875
0 0.7921875 0.328125 0.05390625 0.13984375
0 0.384375 0.33671875 0.071875 0.2546875
0 0.85546875 0.340625 0.0484375 0.13984375
0 0.165625 0.396875 0.04296875 0.12734375
0 0.9765625 0.40703125 0.046875 0.1046875
0 0.546875 0.428125 0.05 0.32109375
0 0.0875 0.44375 0.05703125 0.146875
0 0.9078125 0.4453125 0.06953125 0.11484375
0 0.3421875 0.453125 0.065625 0.18125
0 0.43984375 0.47421875 0.0640625 0.1890625
0 0.8125 0.5046875 0.053125 0.13203125
0 0.046875 0.05234375 0.046875 0.1046875
0 0.2921875 0.5265625 0.053125 0.32109375
0 0.8578125 0.53046875 0.04609375 0.1421875
0 0.71875 0.5578125 0.06953125 0.19140625
0 0.6640625 0.0578125 0.059375 0.11484375
0 0.3953125 0.56875 0.05 0.15234375
0 0.2078125 0.57734375 0.07109375 0.3109375
0 0.971875 0.58203125 0.05390625 0.3109375
0 0.790625 0.6234375 0.04609375 0.13515625
0 0.6109375 0.63125 0.046875 0.22578125
0 0.9203125 0.653125 0.0625 0.30625
0 0.43515625 0.6921875 0.0484375 0.31875
0 0.09375 0.70625 0.0625 0.30390625
0 0.70625 0.71171875 0.05703125 0.1765625
0 0.51015625 0.7125 0.0640625 0.20859375
0 0.1875 0.7296875 0.06640625 0.13984375
0 0.378125 0.74296875 0.0625 0.2796875
0 0.328125 0.775 0.053125 0.35078125
0 0.875 0.778125 0.06953125 0.375
0 0.82578125 0.7953125 0.0515625 0.32109375
0 0.66953125 0.7984375 0.0640625 0.16640625
0 0.25390625 0.809375 0.0765625 0.29921875
0 0.5921875 0.8265625 0.05390625 0.22265625
0 0.8046875 0.828125 0.04453125 0.24296875
0 0.8015625 0.8296875 0.04140625 0.28671875
0 0.7515625 0.8453125 0.05703125 0.30859375
0 0.140625 0.86953125 0.053125 0.2609375
0 0.196875 0.88984375 0.046875 0.2203125
0 0.6515625 0.8984375 0.071875 0.20078125
0 0.075 0.91796875 0.04453125 0.1640625
0 0.709375 0.92109375 0.040625 0.1578125
0 0.50390625 0.925 0.0515625 0.14921875
0 0.5484375 0.9265625 0.05546875 0.146875
0 0.509375 0.09453125 0.04609375 0.1890625
0 0.365625 0.9421875 0.05703125 0.11484375
0 0.26875 0.96328125 0.059375 0.0734375
0 0.44375 0.11953125 0.06796875 0.2328125
0 0.3828125 0.14765625 0.05703125 0.1078125
0 0.29921875 0.1578125 0.0765625 0.20859375
0 0.1359375 0.1734375 0.046875 0.13203125
0 0.23984375 0.1921875 0.0609375 0.26484375
0 0.18359375 0.20625 0.0515625 0.26484375
0 0.096875 0.2125 0.046875 0.159375
0 0.81640625 0.221875 0.0640625 0.090625
0 0.05625 0.22890625 0.040625 0.2203125