0 0.1953125 0.2734375 0.065625 0.17421875
0 0.053125 0.31484375 0.059375 0.1203125
0 0.69453125 0.315625 0.0390625 0.09765625
0 0.1234375 0.3296875 0.06796875 0.2375
0 0.7703125 0.3828125 0.065625 0.11796875
0 0.9359375 0.4 0.07890625 0.18125
0 0.8671875 0.421875 0.053125 0.171875
0 0.19140625 0.4234375 0.0484375 0.11484375
0 0.696875 0.4296875 0.0625 0.12734375
0 0.7671875 0.4328125 0.05 0.26953125
0 0.6453125 0.4375 0.053125 0.20859375
0 0.5890625 0.4390625 0.0625 0.19140625
0 0.528125 0.4421875 0.04453125 0.11484375
0 0.315625 0.4703125 0.05859375 0.24296875
0 0.40625 0.46875 0.06796875 0.21328125
0 0.04375 0.4703125 0.0625 0.18359375
0 0.1453125 0.4765625 0.03359375 0.13984375
0 0.24765625 0.4984375 0.0609375 0.13984375
0 0.0953125 0.54375 0.05703125 0.13203125
0 0.66484375 0.05625 0.0484375 0.09296875
0 0.79375 0.571875 0.06953125 0.11796875
0 0.43203125 0.59765625 0.0484375 0.1203125
0 0.709375 0.61953125 0.0625 0.1203125
0 0.8890625 0.6328125 0.06640625 0.29375
0 0.25625 0.63359375 0.05703125 0.1640625
0 0.1984375 0.659375 0.05390625 0.15234375
0 0.06953125 0.659375 0.0515625 0.16640625
0 0.396875 0.665625 0.05 0.15703125
0 0.9609375 0.66875 0.05546875 0.30625
0 0.59765625 0.69609375 0.0765625 0.1421875
0 0.1171875 0.71328125 0.05546875 0.1859375
0 0.7703125 0.7375 0.04296875 0.19609375
0 0.825 0.73984375 0.06796875 0.2453125
0 0.434375 0.76484375 0.075 0.1765625
0 0.28203125 0.76953125 0.0640625 0.1765625
0 0.5125 0.7796875 0.0625 0.12734375
0 0.1703125 0.0796875 0.06640625 0.159375
0 0.59375 0.8125 0.05390625 0.13515625
0 0.65078125 0.834375 0.0609375 0.23984375
0 0.7140625 0.85078125 0.059375 0.2109375
0 0.89609375 0.8734375 0.0484375 0.17421875
0 0.5703125 0.08984375 0.0625 0.1640625
0 0.13125 0.8984375 0.0875 0.20078125
0 0.36171875 0.090625 0.0640625 0.18125
0 0.96015625 0.909375 0.0765625 0.18125
0 0.85625 0.91171875 0.06640625 0.1765625
0 0.859375 0.9125 0.0625 0.175
0 0.296875 0.915625 0.05546875 0.13515625
0 0.70625 0.0953125 0.04296875 0.18359375
0 0.375 0.93125 0.06640625 0.1375
0 0.5546875 0.93984375 0.07109375 0.1203125
0 0.29765625 0.946875 0.0765625 0.10625
0 0.45078125 0.95078125 0.0734375 0.0953125
0 0.60546875 0.1 0.0453125 0.2
0 0.878125 0.10234375 0.05859375 0.1984375
0 0.5421875 0.1140625 0.06640625 0.11484375
0 0.1203125 0.1390625 0.059375 0.20859375
0 0.4390625 0.1453125 0.046875 0.18125
0 0.0578125 0.15 0.053125 0.14453125
0 0.4796875 0.171875 0.046875 0.215625
0 0.2796875 0.178125 0.078125 0.22578125
0 0.840625 0.203125 0.059375 0.125
0 0.5671875 0.209375 0.059375 0.11796875
0 0.353125 0.21484375 0.06640625 0.1296875
0 0.728125 0.2328125 0.05 0.11796875
0 0.51796875 0.24375 0.0609375 0.159375