0 0.91484375 0.27890625 0.0609375 0.3109375
0 0.84609375 0.2875 0.0609375 0.34296875
0 0.8046875 0.2890625 0.05390625 0.30859375
0 0.709375 0.29375 0.084375 0.29375
0 0.52578125 0.29375 0.0609375 0.215625
0 0.478125 0.39453125 0.05859375 0.2453125
0 0.04140625 0.421875 0.0828125 0.221875
0 0.1703125 0.4375 0.05390625 0.32578125
0 0.2125 0.4546875 0.06953125 0.36015625
0 0.10625 0.4609375 0.059375 0.32578125
0 0.3796875 0.465625 0.05859375 0.296875
0 0.2828125 0.47890625 0.05703125 0.3359375
0 0.3359375 0.50625 0.06796875 0.32578125
0 0.5296875 0.5171875 0.04453125 0.25
0 0.57109375 0.52421875 0.0734375 0.2796875
0 0.4515625 0.64453125 0.06796875 0.2109375
0 0.2828125 0.6890625 0.05859375 0.08828125
0 0.5015625 0.73125 0.04453125 0.33125
0 0.8234375 0.7453125 0.09140625 0.30390625
0 0.715625 0.7828125 0.08359375 0.353125
0 0.3578125 0.790625 0.06640625 0.30625
0 0.6578125 0.796875 0.0625 0.31875
0 0.575 0.8234375 0.065625 0.33828125
0 0.159375 0.8453125 0.05703125 0.26484375
0 0.4125 0.86015625 0.065625 0.2671875
0 0.265625 0.8609375 0.08203125 0.26484375
0 0.46875 0.8703125 0.06640625 0.24765625
0 0.6109375 0.9109375 0.046875 0.17421875
0 0.11875 0.9515625 0.07109375 0.07578125
0 0.38203125 0.959375 0.0640625 0.07578125
0 0.46328125 0.178125 0.0734375 0.20859375
0 0.628125 0.1890625 0.053125 0.30859375
0 0.41875 0.1984375 0.0625 0.33359375