0 0.0390625 0.028125 0.078125 0.05625
0 0.159375 0.384375 0.07890625 0.35546875
0 0.534375 0.4640625 0.05390625 0.13515625
0 0.4671875 0.05078125 0.0375 0.0953125
0 0.5015625 0.4921875 0.04609375 0.16875
0 0.43125 0.5765625 0.06640625 0.328125
0 0.3875 0.665625 0.09609375 0.37265625
0 0.86953125 0.6984375 0.0640625 0.29375
0 0.8203125 0.71171875 0.053125 0.3453125
0 0.684375 0.715625 0.053125 0.34296875
0 0.721875 0.7203125 0.040625 0.33125
0 0.4890625 0.740625 0.06640625 0.34296875
0 0.3 0.83203125 0.08203125 0.3140625
0 0.98046875 0.84453125 0.0390625 0.3109375
0 0.91171875 0.85390625 0.0859375 0.2796875
0 0.0921875 0.8734375 0.071875 0.2375
0 0.1671875 0.1109375 0.0625 0.221875
0 0.27734375 0.1109375 0.0640625 0.21328125
0 0.90546875 0.11484375 0.0421875 0.2296875
0 0.6078125 0.125 0.05546875 0.25
0 0.6484375 0.125 0.05703125 0.25
0 0.7265625 0.134375 0.06640625 0.26015625
0 0.428125 0.13671875 0.0375 0.2671875
0 0.3859375 0.1453125 0.05859375 0.284375
0 0.02265625 0.2 0.0453125 0.284375
0 0.4671875 0.24140625 0.08046875 0.3109375