1 0.27734375 0.9447916666666667 0.0671875 0.11041666666666666
1 0.11171875 0.8770833333333333 0.0796875 0.18958333333333333
1 0.89453125 0.490625 0.028125 0.08333333333333333
1 0.88046875 0.48854166666666665 0.03125 0.0875
1 0.8640625 0.49583333333333335 0.034375 0.08333333333333333
1 0.0625 0.7583333333333333 0.0453125 0.09791666666666667
1 0.1140625 0.42083333333333334 0.0234375 0.05625
1 0.103125 0.42604166666666665 0.0203125 0.05
1 0.0359375 0.45625 0.0234375 0.04791666666666667
1 0.890625 0.44895833333333335 0.028125 0.058333333333333334
1 0.24453125 0.5760416666666667 0.0328125 0.06041666666666667
1 0.66015625 0.6072916666666667 0.1375 0.25416666666666665