1 0.165625 0.7177083333333333 0.0890625 0.2125
1 0.034375 0.60625 0.06875 0.2
1 0.85 0.8645833333333334 0.0484375 0.13125
1 0.028125 0.465625 0.0328125 0.06458333333333334
1 0.178125 0.20520833333333333 0.021875 0.05
1 0.165625 0.20729166666666668 0.01875 0.041666666666666664
1 0.94375 0.5916666666666667 0.015625 0.035416666666666666
1 0.97109375 0.6 0.021875 0.05
1 0.0984375 0.19166666666666668 0.01875 0.03958333333333333
1 0.79296875 0.5625 0.0203125 0.05
1 0.8484375 0.5583333333333333 0.0171875 0.03958333333333333