0 0.1734375 0.2453125 0.06953125 0.30390625
0 0.265625 0.265625 0.05546875 0.31875
0 0.1296875 0.30625 0.07890625 0.328125
0 0.7578125 0.4765625 0.075 0.340625
0 0.8390625 0.490625 0.078125 0.29921875
0 0.6453125 0.52109375 0.071875 0.3453125
0 0.6453125 0.5203125 0.08046875 0.32578125
0 0.95546875 0.6359375 0.0890625 0.34296875
0 0.571875 0.8359375 0.071875 0.328125
0 0.6453125 0.83671875 0.0625 0.3140625
0 0.80390625 0.84140625 0.0703125 0.3171875
0 0.284375 0.875 0.075 0.25
0 0.4265625 0.87734375 0.04296875 0.2453125
0 0.47890625 0.08828125 0.0640625 0.1765625
0 0.1078125 0.9015625 0.08046875 0.18359375
0 0.4734375 0.903125 0.05546875 0.19375
0 0.2234375 0.90625 0.07109375 0.16875
0 0.859375 0.9234375 0.06640625 0.13984375
0 0.340625 0.9296875 0.059375 0.140625
0 0.4296875 0.1125 0.0625 0.225
0 0.91015625 0.12109375 0.0484375 0.2421875
0 0.6015625 0.184375 0.046875 0.31875
0 0.559375 0.1890625 0.05703125 0.33828125
0 0.321875 0.1921875 0.05 0.30625
0 0.29375 0.21875 0.04453125 0.30859375