1 0.26640625 0.940625 0.0640625 0.11875
1 0.10234375 0.859375 0.075 0.1875
1 0.89453125 0.5083333333333333 0.0265625 0.08333333333333333
1 0.88125 0.50625 0.0296875 0.0875
1 0.8640625 0.5125 0.0328125 0.08333333333333333
1 0.05625 0.7375 0.0421875 0.09791666666666667
1 0.11640625 0.403125 0.021875 0.05416666666666667
1 0.10546875 0.40729166666666666 0.01875 0.05
1 0.0375 0.434375 0.021875 0.04791666666666667
1 0.89140625 0.4666666666666667 0.0265625 0.058333333333333334
1 0.24296875 0.5635416666666667 0.03125 0.06041666666666667
1 0.65703125 0.6145833333333334 0.13125 0.2520833333333333