0 0.7875 0.25625 0.05703125 0.13515625
0 0.6265625 0.27109375 0.04296875 0.1984375
0 0.721875 0.2796875 0.04453125 0.171875
0 0.66640625 0.303125 0.0390625 0.26953125
0 0.7140625 0.3046875 0.075 0.23984375
0 0.1171875 0.3078125 0.075 0.15703125
0 0.54921875 0.35 0.0484375 0.25234375
0 0.5078125 0.35625 0.046875 0.215625
0 0.03125 0.3625 0.05859375 0.23046875
0 0.30625 0.38515625 0.053125 0.1421875
0 0.8578125 0.4296875 0.065625 0.31875
0 0.2421875 0.4453125 0.0625 0.20078125
0 0.9203125 0.4609375 0.059375 0.19140625
0 0.19140625 0.46171875 0.0609375 0.2328125
0 0.42890625 0.046875 0.0640625 0.09296875
0 0.0890625 0.46796875 0.0625 0.1859375
0 0.4640625 0.484375 0.06640625 0.32109375
0 0.746875 0.5 0.08203125 0.215625
0 0.3765625 0.5546875 0.034375 0.24765625
0 0.315625 0.584375 0.06640625 0.33125
0 0.1625 0.6234375 0.075 0.32109375
0 0.92578125 0.6390625 0.0515625 0.16875
0 0.496875 0.65546875 0.046875 0.2546875
0 0.53984375 0.0671875 0.0703125 0.134375
0 0.83203125 0.6984375 0.0515625 0.159375
0 0.87109375 0.7046875 0.0515625 0.228125
0 0.1328125 0.7046875 0.08203125 0.27734375
0 0.3625 0.75546875 0.05703125 0.2453125
0 0.9734375 0.7609375 0.040625 0.20625
0 0.4125 0.775 0.06640625 0.26484375
0 0.640625 0.784375 0.071875 0.37734375
0 0.084375 0.79921875 0.078125 0.2203125
0 0.2828125 0.81875 0.05859375 0.19140625
0 0.24296875 0.8328125 0.0515625 0.23515625
0 0.7859375 0.85390625 0.05 0.1078125
0 0.834375 0.87578125 0.053125 0.1765625
0 0.5953125 0.88671875 0.053125 0.1890625
0 0.3078125 0.88984375 0.06953125 0.2203125
0 0.690625 0.9 0.065625 0.19609375
0 0.2046875 0.9140625 0.053125 0.16640625
0 0.1734375 0.91875 0.05859375 0.16171875
0 0.8828125 0.09296875 0.06640625 0.1859375
0 0.35 0.93125 0.05390625 0.1375
0 0.9046875 0.93125 0.053125 0.12265625
0 0.4125 0.94140625 0.05390625 0.1078125
0 0.7921875 0.95 0.05703125 0.090625
0 0.8515625 0.95234375 0.04609375 0.0953125
0 0.04296875 0.0953125 0.0671875 0.190625
0 0.709375 0.10390625 0.0625 0.1546875
0 0.5984375 0.10546875 0.05703125 0.2109375
0 0.3375 0.14375 0.05390625 0.10078125
0 0.1234375 0.1640625 0.059375 0.14921875
0 0.1796875 0.171875 0.04296875 0.29140625
0 0.24375 0.19453125 0.05859375 0.1078125
0 0.3875 0.20078125 0.071875 0.3140625
0 0.30703125 0.2265625 0.0640625 0.125