0 0.7875 0.253125 0.06953125 0.31640625
0 0.546875 0.4265625 0.08046875 0.328125
0 0.459375 0.53828125 0.059375 0.3796875
0 0.4125 0.5671875 0.06953125 0.340625
0 0.734375 0.58671875 0.059375 0.1078125
0 0.7421875 0.68359375 0.04140625 0.1421875
0 0.875 0.7203125 0.07890625 0.38984375
0 0.28984375 0.8328125 0.0734375 0.32109375
0 0.76875 0.85546875 0.08359375 0.2796875
0 0.6703125 0.86796875 0.059375 0.2546875
0 0.6421875 0.9140625 0.06640625 0.16171875
0 0.60390625 0.95625 0.0609375 0.078125
0 0.409375 0.9609375 0.04453125 0.06640625
0 0.7015625 0.209375 0.08046875 0.33125
0 0.2921875 0.22265625 0.059375 0.3453125