0 0.8265625 0.2453125 0.06953125 0.30390625
0 0.734375 0.265625 0.05546875 0.31875
0 0.8703125 0.30625 0.07890625 0.328125
0 0.2421875 0.4765625 0.075 0.340625
0 0.1609375 0.490625 0.078125 0.29921875
0 0.3546875 0.52109375 0.071875 0.3453125
0 0.3546875 0.5203125 0.08046875 0.32578125
0 0.04453125 0.6359375 0.0890625 0.34296875
0 0.428125 0.8359375 0.071875 0.328125
0 0.3546875 0.83671875 0.0625 0.3140625
0 0.19609375 0.84140625 0.0703125 0.3171875
0 0.715625 0.875 0.075 0.25
0 0.5734375 0.87734375 0.04296875 0.2453125
0 0.52109375 0.08828125 0.0640625 0.1765625
0 0.8921875 0.9015625 0.08046875 0.18359375
0 0.5265625 0.903125 0.05546875 0.19375
0 0.7765625 0.90625 0.07109375 0.16875
0 0.140625 0.9234375 0.06640625 0.13984375
0 0.659375 0.9296875 0.059375 0.140625
0 0.5703125 0.1125 0.0625 0.225
0 0.08984375 0.12109375 0.0484375 0.2421875
0 0.3984375 0.184375 0.046875 0.31875
0 0.440625 0.1890625 0.05703125 0.33828125
0 0.678125 0.1921875 0.05 0.30625
0 0.70625 0.21875 0.04453125 0.30859375