1 0.14296875 0.571875 0.025 0.08541666666666667
1 0.928125 0.7864583333333334 0.0578125 0.19583333333333333
1 0.10546875 0.571875 0.0203125 0.08125
1 0.12265625 0.5697916666666667 0.0234375 0.0875
1 0.76953125 0.9020833333333333 0.0578125 0.19583333333333333
1 0.95859375 0.665625 0.03125 0.08958333333333333
1 0.87109375 0.34270833333333334 0.0171875 0.052083333333333336
1 0.953125 0.359375 0.01875 0.04583333333333333
1 0.8828125 0.3458333333333333 0.015625 0.04583333333333333
1 0.1140625 0.5333333333333333 0.03125 0.06041666666666667
1 0.028125 0.40729166666666666 0.01875 0.05416666666666667
1 0.3609375 0.653125 0.121875 0.26458333333333334