1 0.8953125 0.746875 0.02734375 0.13958333333333334
1 0.865625 0.678125 0.025 0.11458333333333333
1 0.74375 0.575 0.0140625 0.06041666666666667
1 0.75859375 0.7979166666666667 0.0453125 0.17395833333333333
1 0.81328125 0.68125 0.02421875 0.14166666666666666
1 0.47890625 0.840625 0.028125 0.23229166666666667
1 0.5328125 0.7927083333333333 0.04765625 0.18125
1 0.5921875 0.5135416666666667 0.04140625 0.15625
1 0.7671875 0.5739583333333333 0.015625 0.1
1 0.90625 0.46979166666666666 0.0203125 0.071875
1 0.93046875 0.4739583333333333 0.0171875 0.06666666666666667