1 0.15625 0.859375 0.05 0.14375
1 0.1734375 0.7833333333333333 0.04375 0.11875
1 0.275 0.6458333333333334 0.0234375 0.0625
1 0.2984375 0.8677083333333333 0.0734375 0.18333333333333332
1 0.225 0.7708333333333334 0.046875 0.14583333333333334
1 0.578125 0.8260416666666667 0.0671875 0.23541666666666666
1 0.5171875 0.7947916666666667 0.0765625 0.19166666666666668
1 0.4125 0.540625 0.0671875 0.16458333333333333
1 0.25234375 0.6520833333333333 0.0328125 0.10208333333333333
1 0.09921875 0.5927083333333333 0.03125 0.07708333333333334
1 0.07578125 0.6041666666666666 0.028125 0.07083333333333333